-0.000004
-0.000012
0.000106
0.000199
0.000266
0.000341
0.000410
0.000492
0.000474
0.000373
0.000305
0.000237
0.000151
0.000081
0.000014
-0.000067
-0.000144
-0.000219
-0.000297
-0.000370
-0.000451
-0.000523
-0.000572
-0.000496
-0.000403
-0.000351
-0.000278
-0.000195
-0.000119
-0.000048
0.000029
0.000103
0.000173
0.000249
0.000323
0.000395
0.000471
0.000506
0.000415
0.000336
0.000275
0.000194
0.000114
0.000038
-0.000026
-0.000105
-0.000180
-0.000259
-0.000333
-0.000408
-0.000481
-0.000527
-0.000430
-0.000359
-0.000295
-0.000211
-0.000130
-0.000068
0.000045
0.000200
0.000338
0.000489
0.000630
0.000778
0.000919
0.001077
0.001042
0.000859
0.000721
0.000570
0.000434
0.000298
0.000139
-0.000004
-0.000161
-0.000311
-0.000461
-0.000609
-0.000761
-0.000903
-0.001067
-0.001091
-0.000904
-0.000769
-0.000616
-0.000485
-0.000352
-0.000187
-0.000040
0.000109
0.000255
0.000403
0.000549
0.000694
0.000838
0.000984
0.001090
0.000960
0.000794
0.000658
0.000505
0.000377
0.000226
0.000071
-0.000070
-0.000231
-0.000374
-0.000531
-0.000672
-0.000826
-0.000964
-0.001134
-0.001132
-0.000946
-0.000812
-0.000663
-0.000518
-0.000395
-0.000237
-0.000093
0.000128
0.000468
0.000747
0.001045
0.001321
0.001623
0.001897
0.002215
0.002303
0.001982
0.001700
0.001401
0.001117
0.000819
0.000536
0.000249
-0.000054
-0.000362
-0.000657
-0.000953
-0.001247
-0.001551
-0.001841
-0.002161
-0.002348
-0.002050
-0.001765
-0.001472
-0.001189
-0.000896
-0.000625
-0.000343
-0.000018
0.000274
0.000566
0.000855
0.001145
0.001431
0.001728
0.001996
0.002309
0.002253
0.001910
0.001641
0.001342
0.001058
0.000760
0.000474
0.000186
-0.000117
-0.000424
-0.000716
-0.001018
-0.001309
-0.001617
-0.001900
-0.002228
-0.002312
-0.001982
-0.001713
-0.001415
-0.001130
-0.000836
-0.000565
-0.000284
0.000103
0.000714
0.001288
0.001852
0.002420
0.003001
0.003585
0.004187
0.004711
0.004334
0.003715
0.003152
0.002551
0.001968
0.001366
0.000799
0.000205
-0.000406
-0.000996
-0.001591
-0.002193
-0.002780
-0.003404
-0.003975
-0.004624
-0.004504
-0.003839
-0.003299
-0.002689
-0.002127
-0.001526
-0.000983
-0.000395
0.000223
0.000802
0.001390
0.001965
0.002539
0.003123
0.003682
0.004281
0.004720
0.004257
0.003656
0.003081
0.002487
0.001901
0.001303
0.000728
0.000145
-0.000470
-0.001069
-0.001661
-0.002262
-0.002849
-0.003459
-0.004033
-0.004660
-0.004439
-0.003786
-0.003243
-0.002632
-0.002066
-0.001465
-0.000926
-0.000334
0.000247
0.000859
0.001449
0.002025
0.002600
0.003177
0.003747
0.004310
0.004891
0.005504
0.006109
0.006737
0.007326
0.007947
0.008528
0.009188
0.009458
0.008860
0.008308
0.007729
0.007160
0.006578
0.005997
0.005406
0.004805
0.004210
0.003610
0.003007
0.002408
0.001810
0.001231
0.000624
0.000007
-0.000587
-0.001187
-0.001790
-0.002389
-0.002990
-0.003590
-0.004192
-0.004798
-0.005397
-0.005999
-0.006609
-0.007209
-0.007808
-0.008405
-0.009022
-0.009510
-0.009054
-0.008438
-0.007873
-0.007284
-0.006702
-0.006095
-0.005512
-0.004925
-0.004332
-0.003743
-0.003148
-0.002559
-0.001971
-0.001423
-0.000809
-0.000198
0.000358
0.000963
0.001557
0.002139
0.002731
0.003311
0.003897
0.004479
0.005055
0.005650
0.006251
0.006869
0.007459
0.008080
0.008651
0.009317
0.009403
0.008760
0.008224
0.007633
0.007070
0.006480
0.005906
0.005312
0.004720
0.004120
0.003527
0.002925
0.002331
0.001731
0.001143
0.000560
-0.000056
-0.000662
-0.001260
-0.001856
-0.002457
-0.003061
-0.003662
-0.004265
-0.004866
-0.005462
-0.006039
-0.006641
-0.007245
-0.007850
-0.008450
-0.009078
-0.009473
-0.008930
-0.008346
-0.007764
-0.007183
-0.006599
-0.006017
-0.005430
-0.004843
-0.004249
-0.003656
-0.003065
-0.002481
-0.001889
-0.001345
-0.000716
-0.000129
0.000463
0.001063
0.001662
0.002248
0.002830
0.003411
0.003988
0.004562
0.005136
0.005703
0.006300
0.006912
0.007516
0.008118
0.008718
0.009320
0.009922
0.010542
0.011148
0.011759
0.012355
0.012987
0.013563
0.014225
0.014109
0.013433
0.012913
0.012324
0.011790
0.011222
0.010662
0.010088
0.009508
0.008919
0.008332
0.007738
0.007134
0.006528
0.005920
0.005321
0.004705
0.004101
0.003498
0.002896
0.002301
0.001719
0.001111
0.000486
-0.000114
-0.000712
-0.001325
-0.001921
-0.002530
-0.003125
-0.003723
-0.004317
-0.004911
-0.005504
-0.006094
-0.006699
-0.007280
-0.007863
-0.008487
-0.009092
-0.009681
-0.010289
-0.010890
-0.011482
-0.012086
-0.012672
-0.013288
-0.013924
-0.014317
-0.013778
-0.013167
-0.012594
-0.012025
-0.011434
-0.010814
-0.010194
-0.009632
-0.009061
-0.008484
-0.007908
-0.007315
-0.006726
-0.006147
-0.005554
-0.004946
-0.004354
-0.003770
-0.003177
-0.002612
-0.002031
-0.001404
-0.000809
-0.000204
0.000383
0.000948
0.001567
0.002156
0.002742
0.003334
0.003920
0.004510
0.005085
0.005669
0.006250
0.006842
0.007452
0.008067
0.008676
0.009283
0.009881
0.010488
0.011091
0.011705
0.012298
0.012927
0.013500
0.014158
0.014011
0.013339
0.012820
0.012242
0.011698
0.011124
0.010557
0.009980
0.009400
0.008814
0.008235
0.007644
0.007056
0.006451
0.005835
0.005232
0.004619
0.004008
0.003404
0.002795
0.002198
0.001609
0.001029
0.000426
-0.000192
-0.000797
-0.001403
-0.001988
-0.002596
-0.003211
-0.003804
-0.004408
-0.004992
-0.005588
-0.006193
-0.006789
-0.007377
-0.007957
-0.008528
-0.009153
-0.009777
-0.010404
-0.010973
-0.011599
-0.012175
-0.012799
-0.013387
-0.014051
-0.014205
-0.013566
-0.013014
-0.012404
-0.011832
-0.011236
-0.010654
-0.010053
-0.009446
-0.008821
-0.008228
-0.007658
-0.007057
-0.006458
-0.005870
-0.005277
-0.004696
-0.004106
-0.003522
-0.002918
-0.002343
-0.001756
-0.001134
-0.000545
0.000120
0.000758
0.001311
0.001928
0.002519
0.003105
0.003679
0.004263
0.004842
0.005423
0.006003
0.006582
0.007167
0.007768
0.008377
0.008979
0.009581
0.010174
0.010777
0.011379
0.011979
0.012581
0.013180
0.013788
0.014387
0.015000
0.015607
0.016217
0.016823
0.017445
0.018031
0.018678
0.019050
0.018466
0.017890
0.017309
0.016735
0.016167
0.015599
0.015035
0.014463
0.013887
0.013301
0.012719
0.012121
0.011534
0.010944
0.010340
0.009741
0.009129
0.008523
0.007914
0.007307
0.006698
0.006099
0.005495
0.004895
0.004287
0.003712
0.003104
0.002486
0.001875
0.001273
0.000672
0.000070
-0.000539
-0.001144
-0.001733
-0.002328
-0.002927
-0.003536
-0.004150
-0.004744
-0.005345
-0.005933
-0.006528
-0.007133
-0.007713
-0.008300
-0.008915
-0.009541
-0.010140
-0.010744
-0.011331
-0.011925
-0.012529
-0.013098
-0.013722
-0.014311
-0.014933
-0.015552
-0.016153
-0.016742
-0.017374
-0.017971
-0.018594
-0.019047
-0.018523
-0.017931
-0.017341
-0.016740
-0.016137
-0.015539
-0.014933
-0.014323
-0.013709
-0.013119
-0.012519
-0.011911
-0.011321
-0.010720
-0.010139
-0.009545
-0.008951
-0.008360
-0.007768
-0.007177
-0.006575
-0.005976
-0.005384
-0.004786
-0.004197
-0.003616
-0.002985
-0.002412
-0.001799
-0.001204
-0.000613
-0.000020
0.000570
0.001167
0.001764
0.002358
0.002953
0.003549
0.004140
0.004731
0.005319
0.005911
0.006502
0.007089
0.007673
0.008266
0.008875
0.009486
0.010092
0.010702
0.011305
0.011909
0.012511
0.013115
0.013716
0.014320
0.014926
0.015528
0.016135
0.016740
0.017350
0.017949
0.018572
0.019062
0.018574
0.017973
0.017406
0.016829
0.016266
0.015698
0.015134
0.014566
0.013988
0.013404
0.012809
0.012215
0.011624
0.011033
0.010439
0.009837
0.009233
0.008626
0.008011
0.007403
0.006801
0.006192
0.005584
0.004979
0.004381
0.003770
0.003183
0.002582
0.001994
0.001384
0.000769
0.000174
-0.000441
-0.001040
-0.001640
-0.002237
-0.002838
-0.003435
-0.004033
-0.004633
-0.005227
-0.005825
-0.006423
-0.007016
-0.007605
-0.008221
-0.008825
-0.009420
-0.009991
-0.010596
-0.011177
-0.011788
-0.012406
-0.013015
-0.013639
-0.014231
-0.014838
-0.015437
-0.016010
-0.016624
-0.017213
-0.017796
-0.018363
-0.019023
-0.018888
-0.018245
-0.017686
-0.017077
-0.016479
-0.015855
-0.015307
-0.014705
-0.014124
-0.013533
-0.012947
-0.012363
-0.011767
-0.011174
-0.010579
-0.009993
-0.009392
-0.008794
-0.008201
-0.007593
-0.006983
-0.006390
-0.005795
-0.005198
-0.004597
-0.004014
-0.003426
-0.002815
-0.002229
-0.001620
-0.001034
-0.000424
0.000238
0.000852
0.001438
0.002036
0.002622
0.003220
0.003810
0.004405
0.004990
0.005584
0.006176
0.006763
0.007354
0.007944
0.008532
0.009135
0.009739
0.010343
0.010952
0.011556
0.012159
0.012758
0.013354
0.013954
0.014554
0.015153
0.015757
0.016358
0.016961
0.017561
0.018167
0.018768
0.019372
0.019983
0.020584
0.021198
0.021800
0.022428
0.023007
0.023687
0.023728
0.023053
0.022501
0.021892
0.021328
0.020742
0.020174
0.019589
0.019010
0.018424
0.017834
0.017240
0.016653
0.016066
0.015473
0.014873
0.014264
0.013660
0.013054
0.012448
0.011840
0.011238
0.010636
0.010032
0.009426
0.008835
0.008228
0.007656
0.007052
0.006433
0.005834
0.005217
0.004621
0.004011
0.003408
0.002791
0.002186
0.001605
0.000998
0.000400
-0.000199
-0.000788
-0.001391
-0.002004
-0.002608
-0.003187
-0.003777
-0.004395
-0.005009
-0.005617
-0.006223
-0.006823
-0.007424
-0.008015
-0.008611
-0.009208
-0.009795
-0.010403
-0.010992
-0.011593
-0.012180
-0.012773
-0.013420
-0.014029
-0.014635
-0.015244
-0.015821
-0.016406
-0.016999
-0.017570
-0.018169
-0.018776
-0.019385
-0.019988
-0.020581
-0.021209
-0.021803
-0.022442
-0.023011
-0.023697
-0.023800
-0.023148
-0.022580
-0.021947
-0.021347
-0.020740
-0.020154
-0.019570
-0.019002
-0.018417
-0.017824
-0.017224
-0.016626
-0.016034
-0.015443
-0.014839
-0.014234
-0.013634
-0.013035
-0.012430
-0.011835
-0.011237
-0.010640
-0.010048
-0.009448
-0.008856
-0.008259
-0.007657
-0.007071
-0.006466
-0.005853
-0.005245
-0.004643
-0.004045
-0.003445
-0.002842
-0.002243
-0.001643
-0.001047
-0.000449
0.000145
0.000746
0.001343
0.001941
0.002539
0.003139
0.003731
0.004328
0.004923
0.005518
0.006113
0.006709
0.007306
0.007898
0.008496
0.009091
0.009698
0.010312
0.010919
0.011523
0.012130
0.012732
0.013335
0.013940
0.014538
0.015139
0.015741
0.016342
0.016945
0.017546
0.018148
0.018753
0.019351
0.019959
0.020557
0.021169
0.021761
0.022390
0.022956
0.023633
0.023690
0.023011
0.022472
0.021874
0.021310
0.020724
0.020147
0.019555
0.018967
0.018377
0.017779
0.017187
0.016599
0.016001
0.015401
0.014800
0.014197
0.013591
0.012988
0.012384
0.011780
0.011176
0.010571
0.009972
0.009368
0.008768
0.008170
0.007567
0.006978
0.006371
0.005758
0.005163
0.004548
0.003948
0.003343
0.002747
0.002148
0.001553
0.000950
0.000339
-0.000263
-0.000859
-0.001460
-0.002067
-0.002669
-0.003263
-0.003857
-0.004452
-0.005058
-0.005658
-0.006264
-0.006873
-0.007475
-0.008070
-0.008661
-0.009261
-0.009860
-0.010460
-0.011056
-0.011643
-0.012251
-0.012857
-0.013462
-0.014076
-0.014664
-0.015258
-0.015856
-0.016464
-0.017046
-0.017651
-0.018249
-0.018843
-0.019447
-0.020060
-0.020664
-0.021264
-0.021875
-0.022511
-0.023043
-0.023713
-0.023644
-0.022980
-0.022428
-0.021791
-0.021203
-0.020575
-0.019979
-0.019402
-0.018814
-0.018193
-0.017584
-0.016986
-0.016354
-0.015763
-0.015202
-0.014617
-0.014021
-0.013418
-0.012828
-0.012243
-0.011669
-0.011089
-0.010494
-0.009895
-0.009296
-0.008701
-0.008111
-0.007516
-0.006895
-0.006285
-0.005681
-0.005084
-0.004489
-0.003890
-0.003289
-0.002684
-0.002085
-0.001482
-0.000881
-0.000277
0.000372
0.000974
0.001567
0.002161
0.002757
0.003349
0.003943
0.004537
0.005129
0.005724
0.006315
0.006911
0.007504
0.008095
0.008689
0.009280
0.009872
0.010482
0.011090
0.011697
0.012305
0.012908
0.013511
0.014112
0.014713
0.015311
0.015911
0.016512
0.017111
0.017713
0.018313
0.018914
0.019515
0.020116
0.020716
0.021320
0.021922
0.022526
0.023128
0.023738
0.024342
0.024946
0.025545
0.026156
0.026750
0.027370
0.027944
0.028602
0.028429
0.027751
0.027211
0.026606
0.026040
0.025449
0.024871
0.024281
0.023693
0.023100
0.022502
0.021909
0.021320
0.020721
0.020120
0.019518
0.018917
0.018315
0.017711
0.017106
0.016502
0.015894
0.015290
0.014689
0.014086
0.013485
0.012879
0.012279
0.011675
0.011080
0.010481
0.009863
0.009271
0.008659
0.008050
0.007450
0.006849
0.006255
0.005656
0.005060
0.004459
0.003854
0.003263
0.002663
0.002057
0.001451
0.000853
0.000255
-0.000359
-0.000961
-0.001555
-0.002159
-0.002770
-0.003373
-0.003976
-0.004573
-0.005167
-0.005776
-0.006374
-0.006970
-0.007577
-0.008185
-0.008783
-0.009373
-0.009977
-0.010574
-0.011175
-0.011773
-0.012368
-0.012972
-0.013565
-0.014169
-0.014783
-0.015391
-0.015984
-0.016582
-0.017179
-0.017768
-0.018373
-0.018986
-0.019570
-0.020161
-0.020767
-0.021362
-0.021966
-0.022558
-0.023175
-0.023777
-0.024381
-0.024974
-0.025574
-0.026189
-0.026794
-0.027411
-0.028000
-0.028598
-0.028270
-0.027626
-0.027062
-0.026447
-0.025859
-0.025246
-0.024636
-0.024035
-0.023440
-0.022855
-0.022268
-0.021676
-0.021086
-0.020490
-0.019891
-0.019291
-0.018693
-0.018097
-0.017505
-0.016904
-0.016302
-0.015706
-0.015111
-0.014512
-0.013913
-0.013316
-0.012716
-0.012118
-0.011535
-0.010933
-0.010317
-0.009712
-0.009104
-0.008503
-0.007897
-0.007299
-0.006695
-0.006096
-0.005494
-0.004892
-0.004295
-0.003695
-0.003095
-0.002492
-0.001896
-0.001295
-0.000693
-0.000097
0.000500
0.001098
0.001700
0.002295
0.002894
0.003493
0.004087
0.004686
0.005282
0.005879
0.006477
0.007077
0.007667
0.008263
0.008857
0.009450
0.010045
0.010653
0.011264
0.011870
0.012481
0.013083
0.013687
0.014290
0.014892
0.015492
0.016096
0.016694
0.017295
0.017897
0.018499
0.019099
0.019702
0.020301
0.020904
0.021505
0.022107
0.022713
0.023313
0.023916
0.024518
0.025121
0.025722
0.026327
0.026930
0.027533
0.028142
0.028668
0.028225
0.027597
0.027036
0.026440
0.025863
0.025274
0.024688
0.024096
0.023504
0.022902
0.022309
0.021720
0.021122
0.020523
0.019922
0.019320
0.018718
0.018116
0.017512
0.016908
0.016305
0.015702
0.015099
0.014495
0.013893
0.013293
0.012691
0.012088
0.011485
0.010887
0.010289
0.009675
0.009068
0.008472
0.007858
0.007260
0.006656
0.006055
0.005453
0.004854
0.004252
0.003650
0.003048
0.002446
0.001846
0.001248
0.000649
0.000054
-0.000543
-0.001144
-0.001740
-0.002339
-0.002938
-0.003543
-0.004153
-0.004751
-0.005346
-0.005947
-0.006552
-0.007155
-0.007750
-0.008352
-0.008952
-0.009554
-0.010152
-0.010754
-0.011361
-0.011959
-0.012560
-0.013159
-0.013750
-0.014334
-0.014933
-0.015539
-0.016145
-0.016742
-0.017340
-0.017934
-0.018540
-0.019117
-0.019749
-0.020372
-0.020976
-0.021576
-0.022176
-0.022775
-0.023360
-0.023950
-0.024538
-0.025151
-0.025773
-0.026370
-0.026981
-0.027559
-0.028185
-0.028649
-0.028157
-0.027553
-0.026963
-0.026356
-0.025763
-0.025167
-0.024570
-0.023975
-0.023387
-0.022797
-0.022197
-0.021598
-0.020999
-0.020400
-0.019805
-0.019207
-0.018609
-0.018008
-0.017413
-0.016817
-0.016219
-0.015621
-0.015015
-0.014421
-0.013821
-0.013219
-0.012625
-0.012024
-0.011439
-0.010840
-0.010228
-0.009618
-0.009016
-0.008417
-0.007812
-0.007211
-0.006608
-0.006007
-0.005405
-0.004805
-0.004203
-0.003604
-0.003002
-0.002402
-0.001804
-0.001203
-0.000613
0.000014
0.000740
0.001437
0.002130
0.002823
0.003517
0.004210
0.004903
0.005598
0.006291
0.006986
0.007678
0.008375
0.009064
0.009754
0.010448
0.011143
0.011855
0.012565
0.013273
0.013976
0.014677
0.015380
0.016082
0.016785
0.017487
0.018187
0.018888
0.019589
0.020290
0.020992
0.021688
0.022393
0.023095
0.023797
0.024500
0.025199
0.025902
0.026602
0.027308
0.028008
0.028715
0.029413
0.030120
0.030819
0.031528
0.032216
0.032954
0.033452
0.032822
0.032125
0.031446
0.030762
0.030078
0.029389
0.028700
0.028009
0.027312
0.026613
0.025925
0.025225
0.024527
0.023826
0.023123
0.022419
0.021717
0.021013
0.020307
0.019602
0.018898
0.018197
0.017497
0.016795
0.016094
0.015391
0.014697
0.013990
0.013277
0.012580
0.011866
0.011158
0.010451
0.009750
0.009049
0.008352
0.007652
0.006949
0.006248
0.005550
0.004850
0.004149
0.003450
0.002756
0.002051
0.001349
0.000643
-0.000054
-0.000757
-0.001457
-0.002155
-0.002858
-0.003562
-0.004259
-0.004957
-0.005655
-0.006361
-0.007065
-0.007764
-0.008466
-0.009161
-0.009854
-0.010549
-0.011240
-0.011943
-0.012648
-0.013343
-0.014043
-0.014749
-0.015459
-0.016160
-0.016854
-0.017556
-0.018260
-0.018956
-0.019655
-0.020359
-0.021067
-0.021768
-0.022472
-0.023170
-0.023866
-0.024557
-0.025255
-0.025948
-0.026643
-0.027346
-0.028045
-0.028754
-0.029441
-0.030115
-0.030811
-0.031529
-0.032224
-0.032948
-0.033481
-0.032889
-0.032172
-0.031465
-0.030748
-0.030010
-0.029310
-0.028641
-0.027961
-0.027291
-0.026601
-0.025908
-0.025222
-0.024530
-0.023828
-0.023135
-0.022437
-0.021742
-0.021050
-0.020353
-0.019659
-0.018959
-0.018262
-0.017561
-0.016863
-0.016169
-0.015477
-0.014794
-0.014077
-0.013367
-0.012665
-0.011957
-0.011259
-0.010554
-0.009857
-0.009155
-0.008453
-0.007758
-0.007058
-0.006353
-0.005653
-0.004950
-0.004253
-0.003549
-0.002848
-0.002148
-0.001450
-0.000751
-0.000052
0.000646
0.001347
0.002041
0.002741
0.003436
0.004133
0.004831
0.005523
0.006226
0.006921
0.007616
0.008313
0.009006
0.009701
0.010398
0.011091
0.011811
0.012522
0.013225
0.013934
0.014636
0.015341
0.016045
0.016744
0.017448
0.018149
0.018849
0.019555
0.020256
0.020956
0.021656
0.022359
0.023059
0.023759
0.024463
0.025166
0.025869
0.026568
0.027271
0.027973
0.028675
0.029378
0.030084
0.030784
0.031490
0.032182
0.032907
0.033450
0.032875
0.032163
0.031489
0.030797
0.030115
0.029421
0.028730
0.028033
0.027341
0.026651
0.025954
0.025253
0.024554
0.023853
0.023152
0.022448
0.021747
0.021043
0.020340
0.019633
0.018930
0.018226
0.017523
0.016824
0.016121
0.015426
0.014728
0.014020
0.013319
0.012607
0.011906
0.011197
0.010491
0.009791
0.009093
0.008394
0.007692
0.006980
0.006277
0.005577
0.004890
0.004192
0.003491
0.002785
0.002090
0.001383
0.000692
-0.000006
-0.000709
-0.001426
-0.002134
-0.002831
-0.003532
-0.004222
-0.004924
-0.005630
-0.006329
-0.007034
-0.007727
-0.008428
-0.009135
-0.009856
-0.010554
-0.011244
-0.011958
-0.012651
-0.013339
-0.014048
-0.014757
-0.015460
-0.016150
-0.016838
-0.017540
-0.018250
-0.018951
-0.019664
-0.020356
-0.021048
-0.021739
-0.022438
-0.023148
-0.023841
-0.024540
-0.025220
-0.025907
-0.026605
-0.027312
-0.028011
-0.028720
-0.029431
-0.030148
-0.030847
-0.031561
-0.032249
-0.032994
-0.033468
-0.032867
-0.032165
-0.031461
-0.030763
-0.030065
-0.029376
-0.028684
-0.027980
-0.027285
-0.026593
-0.025903
-0.025211
-0.024510
-0.023813
-0.023108
-0.022416
-0.021719
-0.021021
-0.020323
-0.019623
-0.018926
-0.018226
-0.017529
-0.016830
-0.016129
-0.015442
-0.014745
-0.014033
-0.013326
-0.012617
-0.011916
-0.011212
-0.010506
-0.009804
-0.009104
-0.008404
-0.007705
-0.007004
-0.006298
-0.005600
-0.004903
-0.004205
-0.003503
-0.002800
-0.002101
-0.001403
-0.000708
-0.000007
0.000819
0.001621
0.002409
0.003210
0.003999
0.004793
0.005585
0.006378
0.007171
0.007964
0.008757
0.009546
0.010336
0.011131
0.011923
0.012738
0.013546
0.014355
0.015158
0.015967
0.016770
0.017571
0.018372
0.019176
0.019978
0.020780
0.021578
0.022380
0.023185
0.023985
0.024788
0.025593
0.026397
0.027195
0.027996
0.028799
0.029600
0.030404
0.031207
0.032007
0.032811
0.033613
0.034420
0.035216
0.036029
0.036815
0.037650
0.038251
0.037567
0.036761
0.035991
0.035196
0.034408
0.033616
0.032821
0.032028
0.031235
0.030441
0.029638
0.028841
0.028037
0.027233
0.026431
0.025625
0.024824
0.024023
0.023216
0.022415
0.021617
0.020816
0.020017
0.019219
0.018412
0.017603
0.016795
0.015997
0.015188
0.014382
0.013572
0.012767
0.011966
0.011167
0.010365
0.009565
0.008761
0.007955
0.007153
0.006346
0.005546
0.004751
0.003948
0.003150
0.002352
0.001547
0.000755
-0.000053
-0.000850
-0.001656
-0.002463
-0.003265
-0.004061
-0.004850
-0.005669
-0.006468
-0.007273
-0.008076
-0.008873
-0.009674
-0.010472
-0.011263
-0.012067
-0.012864
-0.013664
-0.014463
-0.015262
-0.016062
-0.016857
-0.017652
-0.018456
-0.019263
-0.020052
-0.020849
-0.021656
-0.022454
-0.023254
-0.024055
-0.024854
-0.025645
-0.026450
-0.027253
-0.028048
-0.028843
-0.029651
-0.030461
-0.031271
-0.032063
-0.032865
-0.033665
-0.034486
-0.035271
-0.036080
-0.036850
-0.037694
-0.038228
-0.037547
-0.036751
-0.035944
-0.035124
-0.034304
-0.033489
-0.032720
-0.031920
-0.031124
-0.030330
-0.029560
-0.028777
-0.027982
-0.027193
-0.026399
-0.025612
-0.024817
-0.024020
-0.023228
-0.022432
-0.021632
-0.020830
-0.020031
-0.019249
-0.018464
-0.017649
-0.016832
-0.016023
-0.015226
-0.014423
-0.013616
-0.012817
-0.012017
-0.011212
-0.010409
-0.009608
-0.008807
-0.008006
-0.007209
-0.006409
-0.005611
-0.004812
-0.004016
-0.003215
-0.002420
-0.001619
-0.000820
-0.000022
0.000779
0.001573
0.002359
0.003163
0.003962
0.004751
0.005546
0.006342
0.007139
0.007935
0.008731
0.009519
0.010316
0.011115
0.011916
0.012730
0.013539
0.014345
0.015151
0.015962
0.016762
0.017570
0.018375
0.019176
0.019983
0.020787
0.021582
0.022385
0.023190
0.023993
0.024797
0.025595
0.026401
0.027204
0.028004
0.028807
0.029610
0.030410
0.031218
0.032015
0.032820
0.033621
0.034423
0.035224
0.036032
0.036826
0.037649
0.038275
0.037631
0.036809
0.036033
0.035232
0.034441
0.033646
0.032858
0.032059
0.031259
0.030461
0.029656
0.028848
0.028044
0.027244
0.026439
0.025638
0.024835
0.024031
0.023228
0.022422
0.021618
0.020813
0.020015
0.019217
0.018409
0.017611
0.016799
0.015995
0.015190
0.014382
0.013578
0.012772
0.011963
0.011155
0.010354
0.009551
0.008749
0.007958
0.007156
0.006351
0.005553
0.004749
0.003949
0.003147
0.002346
0.001550
0.000746
-0.000055
-0.000839
-0.001644
-0.002455
-0.003254
-0.004058
-0.004860
-0.005668
-0.006466
-0.007271
-0.008073
-0.008871
-0.009672
-0.010482
-0.011281
-0.012085
-0.012885
-0.013684
-0.014478
-0.015277
-0.016076
-0.016869
-0.017673
-0.018473
-0.019267
-0.020063
-0.020859
-0.021659
-0.022458
-0.023263
-0.024060
-0.024855
-0.025654
-0.026440
-0.027239
-0.028049
-0.028847
-0.029646
-0.030449
-0.031240
-0.032041
-0.032838
-0.033641
-0.034451
-0.035244
-0.036043
-0.036833
-0.037680
-0.038286
-0.037650
-0.036839
-0.036065
-0.035268
-0.034477
-0.033671
-0.032872
-0.032079
-0.031283
-0.030486
-0.029687
-0.028885
-0.028088
-0.027296
-0.026498
-0.025700
-0.024900
-0.024099
-0.023301
-0.022507
-0.021710
-0.020913
-0.020125
-0.019332
-0.018523
-0.017715
-0.016914
-0.016108
-0.015304
-0.014499
-0.013697
-0.012892
-0.012091
-0.011288
-0.010481
-0.009682
-0.008882
-0.008081
-0.007279
-0.006483
-0.005682
-0.004887
-0.004089
-0.003293
-0.002489
-0.001695
-0.000892
-0.000100
0.000774
0.001684
0.002574
0.003478
0.004371
0.005268
0.006161
0.007062
0.007956
0.008857
0.009752
0.010650
0.011555
0.012456
0.013358
0.014256
0.015159
0.016052
0.016960
0.017861
0.018771
0.019679
0.020585
0.021486
0.022389
0.023291
0.024191
0.025091
0.025990
0.026895
0.027794
0.028694
0.029593
0.030493
0.031396
0.032297
0.033196
0.034095
0.035000
0.035905
0.036810
0.037707
0.038612
0.039515
0.040418
0.041323
0.042231
0.043024
0.042418
0.041472
0.040623
0.039720
0.038839
0.037936
0.037044
0.036148
0.035244
0.034341
0.033434
0.032522
0.031614
0.030706
0.029798
0.028890
0.027983
0.027077
0.026170
0.025266
0.024363
0.023467
0.022562
0.021658
0.020753
0.019841
0.018936
0.018031
0.017128
0.016221
0.015315
0.014411
0.013504
0.012600
0.011694
0.010793
0.009896
0.008990
0.008093
0.007192
0.006287
0.005382
0.004479
0.003578
0.002683
0.001783
0.000884
-0.000017
-0.000918
-0.001817
-0.002713
-0.003616
-0.004515
-0.005418
-0.006322
-0.007220
-0.008114
-0.009011
-0.009910
-0.010815
-0.011717
-0.012620
-0.013522
-0.014420
-0.015325
-0.016226
-0.017124
-0.018026
-0.018926
-0.019826
-0.020729
-0.021629
-0.022533
-0.023433
-0.024331
-0.025229
-0.026126
-0.027031
-0.027925
-0.028825
-0.029730
-0.030627
-0.031521
-0.032414
-0.033316
-0.034215
-0.035111
-0.036011
-0.036914
-0.037808
-0.038715
-0.039612
-0.040527
-0.041405
-0.042347
-0.042984
-0.042227
-0.041321
-0.040437
-0.039549
-0.038660
-0.037764
-0.036875
-0.035984
-0.035093
-0.034199
-0.033305
-0.032413
-0.031516
-0.030622
-0.029723
-0.028824
-0.027926
-0.027030
-0.026133
-0.025237
-0.024344
-0.023450
-0.022553
-0.021641
-0.020734
-0.019828
-0.018921
-0.018016
-0.017113
-0.016208
-0.015302
-0.014399
-0.013493
-0.012592
-0.011688
-0.010787
-0.009883
-0.008984
-0.008084
-0.007188
-0.006290
-0.005395
-0.004497
-0.003604
-0.002707
-0.001807
-0.000914
-0.000011
0.000884
0.001784
0.002686
0.003585
0.004485
0.005382
0.006281
0.007180
0.008081
0.008982
0.009878
0.010778
0.011675
0.012578
0.013479
0.014378
0.015275
0.016174
0.017075
0.017971
0.018871
0.019772
0.020670
0.021570
0.022468
0.023372
0.024267
0.025169
0.026063
0.026960
0.027873
0.028764
0.029678
0.030581
0.031480
0.032386
0.033284
0.034185
0.035087
0.035988
0.036891
0.037789
0.038693
0.039590
0.040497
0.041389
0.042312
0.043022
0.042316
0.041394
0.040517
0.039613
0.038726
0.037832
0.036935
0.036033
0.035126
0.034223
0.033318
0.032408
0.031501
0.030596
0.029693
0.028786
0.027881
0.026979
0.026072
0.025169
0.024267
0.023364
0.022464
0.021557
0.020647
0.019743
0.018836
0.017933
0.017028
0.016119
0.015215
0.014310
0.013407
0.012503
0.011603
0.010699
0.009799
0.008901
0.008002
0.007102
0.006208
0.005303
0.004396
0.003495
0.002593
0.001693
0.000794
-0.000100
-0.000995
-0.001896
-0.002795
-0.003697
-0.004596
-0.005494
-0.006393
-0.007297
-0.008195
-0.009095
-0.009997
-0.010897
-0.011801
-0.012700
-0.013601
-0.014506
-0.015403
-0.016304
-0.017208
-0.018108
-0.019010
-0.019904
-0.020804
-0.021710
-0.022602
-0.023503
-0.024400
-0.025299
-0.026205
-0.027106
-0.028005
-0.028900
-0.029796
-0.030697
-0.031588
-0.032491
-0.033391
-0.034277
-0.035182
-0.036085
-0.036992
-0.037896
-0.038801
-0.039683
-0.040599
-0.041469
-0.042434
-0.042983
-0.042165
-0.041279
-0.040389
-0.039505
-0.038612
-0.037720
-0.036826
-0.035929
-0.035035
-0.034142
-0.033244
-0.032348
-0.031453
-0.030555
-0.029659
-0.028763
-0.027867
-0.026966
-0.026070
-0.025166
-0.024275
-0.023366
-0.022471
-0.021569
-0.020660
-0.019760
-0.018851
-0.017953
-0.017044
-0.016142
-0.015238
-0.014337
-0.013436
-0.012533
-0.011630
-0.010731
-0.009832
-0.008934
-0.008035
-0.007137
-0.006238
-0.005340
-0.004440
-0.003553
-0.002649
-0.001762
-0.000842
